
37,38:50
(484.010421003,-336.592595944)
(512.301782164,-353.567713643)
(521.303578897,-331.877285472)
(529.662390149,-296.040925884)
(505.871927355,-290.382553318)
(479.509522637,-292.268677506)
(480.795493599,-306.414608923)
(491.083261294,-329.991161283)
(484.010421003,-336.592595944)


42,43:57,58
(527.090448225,-239.457200219)
(520.017607935,-214.937585764)
(512.301782164,-196.076343876)
(498.799087065,-173.44285361)
(493.012217736,-165.898356855)
(449.289205033,-207.393089009)
(464.720856576,-227.197392992)
(471.793696866,-246.05863488)
(503.299985431,-244.172510691)
(527.090448225,-239.457200219)


39,40:52
(268.610284893,-199.848592254)
(291.757762207,-219.652896236)
(286.613878359,-234.741889747)
(294.972689611,-252.660069541)
(298.830602497,-282.838056562)
(269.896255855,-286.61030494)
(245.46280758,-289.439491223)
(243.533851137,-269.63518724)
(255.107589794,-229.083517181)
(264.109386527,-209.279213198)
(268.610284893,-199.848592254)




41:54,55
(248.677734985,-318.67441615)
(250.606691427,-333.763409661)
(275.683125183,-379.030390193)
(325.193007215,-355.453837832)
(313.619268558,-341.307906416)
(305.903442787,-328.105037094)
(298.830602497,-303.585422639)
(262.823415565,-313.016043584)
(248.677734985,-318.67441615)
