
50:
(748.920439145,-475.222723823)
(732.845802122,-443.158612613)
(723.844005389,-415.809811875)
(718.05713606,-377.144266004)
(718.05713606,-353.567713643)
(720.629077984,-319.617478245)
(727.701918274,-296.040925884)
(744.419540778,-269.63518724)
(763.709105206,-244.172510691)
(776.568814825,-230.026579275)
(792.643451848,-211.165337387)
(802.288234062,-204.563902726)

43:
(792.643451848,-174.385915704)
(762.423134244,-181.93041246)
(741.204613374,-183.816536649)
(724.48699087,-193.247157593)
(692.337716823,-197.01940597)
(664.689341144,-204.563902726)
(619.680357479,-211.165337387)
(588.817054394,-215.880647859)
(564.383606119,-221.539020425)
(539.307172363,-221.539020425)
(521.946564378,-224.368206708)

44:
(531.591346592,-278.12274609)
(544.45105621,-263.976814674)
(563.740620638,-256.432317919)
(586.245112471,-247.944759069)
(604.891691417,-243.229448597)
(628.682154212,-239.457200219)
(658.902471815,-228.140455086)
(684.621891052,-224.368206708)
(721.915048946,-214.937585764)
(749.563424626,-208.336151103)
(789.428524443,-195.133281782)
(816.433914642,-189.474909215)
(849.86915965,-180.987350365)


45:
(323.264050772,-138.549556117)
(297.544631535,-139.492618211)
(272.468197779,-135.720369833)
(249.963705946,-129.118935172)
(230.674141519,-114.973003756)
(202.382780358,-99.8840102456)
(181.164259487,-81.9658304517)
(160.588724098,-68.7629611298)
(140.656174189,-51.7878434303)
(120.080638799,-36.6988499197)
(98.219132448,-20.6667943146)
(80.858524463,-8.4069870872)

46:
(296.258660573,-166.841418949)
(274.397154222,-164.012232666)
(257.036546237,-158.353860099)
(242.247880175,-149.86630125)
(228.745185076,-140.435680305)
(212.670548053,-129.118935172)
(187.594114297,-113.086879567)
(167.661564388,-95.1686997735)
(142.585130632,-81.0227683572)
(124.581537166,-65.9337748466)
(107.863914662,-55.560091808)
(93.0752486006,-42.3572224862)
(66.7128438826,-23.4959805979)

39:
(23.6328166606,-46.1294708638)
(35.2065553173,-52.7309055248)
(53.2101487832,-63.1045885633)
(67.9988148445,-72.5352095075)
(82.7874809058,-85.7380788293)
(97.5761469671,-95.1686997735)
(110.435856586,-109.31463119)
(133.583333899,-124.4036247)
(151.586927365,-137.606494022)
(161.231709579,-146.094052872)
(171.519477274,-152.695487533)
(187.594114297,-163.069170571)
(203.66875132,-175.328977799)
(219.743388343,-188.531847121)
(233.889068923,-195.133281782)
(246.748778542,-207.393089009)
(258.965502679,-218.709834142)

40:
(16.5599763704,-62.1615264689)
(39.0644682028,-81.9658304517)
(58.3540326306,-95.1686997735)
(87.2883792723,-116.859127945)
(107.220929181,-131.948121456)
(127.15347909,-144.207928683)
(148.37199996,-157.410798005)
(166.375593426,-170.613667327)
(182.450230449,-183.816536649)
(201.096809396,-197.01940597)
(224.244286709,-210.222275292)
(235.175039885,-227.197392992)
(245.46280758,-241.343324408)
(250.606691427,-249.830883258)

51:
(170.233506312,-185.702660837)
(176.663361121,-205.50696482)
(180.521274006,-219.652896236)
(181.807244968,-234.741889747)
(183.736201411,-244.172510691)
(180.521274006,-263.03375258)
(177.949332083,-279.065808185)
(170.876491793,-295.09786379)
(163.803651502,-307.357671017)
(152.872898327,-313.016043584)
(146.443043517,-316.788291961)


47:
(245.46280758,-295.09786379)
(233.246083442,-300.756236356)
(199.810838434,-313.959105678)
(192.737998144,-319.617478245)
(163.803651502,-328.105037094)
(124.581537166,-336.592595944)
(102.077045334,-339.421782227)
(60.9259745543,-347.909341077)
(30.7056569508,-355.453837832)
(5.62922319471,-362.055272493)


41:
(18.4889328132,-382.80263857)
(29.419685989,-379.030390193)
(39.7074536838,-377.144266004)
(50.6382068595,-374.315079721)
(64.1409019589,-373.372017626)
(75.0716551347,-371.485893437)
(89.860321196,-370.542831343)
(102.077045334,-367.71364506)
(115.579740433,-364.884458776)
(132.940348418,-362.055272493)
(149.014985441,-362.055272493)
(167.661564388,-359.22608621)
(185.665157854,-357.339962021)
(204.311736801,-352.624651549)
(219.743388343,-352.624651549)
(229.388170557,-352.624651549)
(247.391764023,-355.453837832)
(262.180430084,-354.510775738)


49:
(438.358451858,-423.35430863)
(467.93578398,-423.35430863)
(491.083261294,-425.240432819)
(509.086854759,-425.240432819)
(538.021201401,-445.044736802)
(577.243315738,-468.621289162)
(610.678560746,-494.083965711)
(637.683950945,-512.002145505)
(667.261283067,-532.749511583)
(698.124586152,-552.553815565)
(732.202816641,-576.130367926)
(758.565221359,-597.820796097)


48:
(483.367435522,-386.574886948)
(503.942970912,-392.233259515)
(513.587753126,-395.062445798)
(519.374622454,-399.77775627)
(532.234332073,-407.322253025)
(544.45105621,-417.695936064)
(570.813460928,-433.727991669)
(595.889894684,-448.81698518)
(614.536473631,-465.792102879)
(649.257689601,-490.311717334)
(682.049949128,-513.888269694)
(719.343107022,-544.066256716)
(746.991482702,-561.041374415)
(775.282843863,-584.617926775)
(799.073306657,-597.820796097)


38:
(837.009450032,-578.959554209)
(801.645248581,-552.553815565)
(764.352090687,-527.091139016)
(727.701918274,-499.742338278)
(689.7657749,-474.279661729)
(651.829631525,-449.760047274)
(619.037371998,-422.411246536)
(587.531083432,-399.77775627)
(561.811664195,-383.745700665)
(536.092244958,-362.055272493)
(514.873724088,-341.307906416)


58:
(491.726246775,-292.268677506)
(491.726246775,-274.350497713)
(485.296391965,-247.001696974)
(480.795493599,-225.311268803)
(463.434885614,-200.791654348)
(447.360248591,-186.645722932)
(420.354858392,-167.784481044)
(390.777526269,-163.069170571)
(361.200194147,-161.183046383)
(343.839586162,-164.012232666)
(338.052716833,-166.841418949)



57:
(517.445666012,-291.325615412)
(518.731636973,-269.63518724)
(514.230738607,-244.172510691)
(501.371028988,-213.051461575)
(486.582362927,-186.645722932)
(471.793696866,-168.727543138)
(451.861146957,-152.695487533)
(435.143524453,-145.150990778)
(410.067090697,-134.777307739)
(381.775729536,-131.005059361)
(363.77213607,-133.834245645)
(341.910629719,-133.834245645)
(324.550021734,-136.663431928)



52_1:
(334.194803948,-164.012232666)
(314.90523952,-176.272039893)
(303.331500863,-187.588785026)
(280.18402355,-207.393089009)
(275.040139703,-224.368206708)
(270.539241336,-246.05863488)
(267.967299412,-272.464373524)
(267.324313931,-284.724180751)
(264.109386527,-301.699298451)
(262.180430084,-312.072981489)

52_2:
(332.908832986,-164.012232666)
(319.406137886,-173.44285361)
(304.617471825,-183.816536649)
(285.970892878,-200.791654348)
(280.18402355,-212.108399481)
(277.612081626,-229.083517181)
(275.683125183,-247.001696974)
(276.969096145,-271.521311429)
(285.327907397,-292.268677506)
(285.970892878,-307.357671017)


55:
(287.899849321,-312.072981489)
(291.114776726,-329.991161283)
(301.402544421,-353.567713643)
(312.333297596,-361.112210399)
(321.335094329,-372.428955532)
(334.194803948,-385.631824854)
(348.340484528,-395.062445798)
(366.987063475,-397.891632081)
(393.349468193,-403.550004648)
(406.209177811,-401.663880459)
(433.857553491,-398.834694175)
(444.788306667,-392.233259515)
(446.71726311,-390.347135326)


54:
(260.251473641,-315.845229867)
(260.894459122,-325.275850811)
(266.681328451,-338.478720133)
(269.896255855,-349.795465266)
(278.255067107,-360.169148304)
(282.755965474,-372.428955532)
(292.400747688,-381.859576476)
(299.473587978,-387.517949042)
(306.546428268,-396.005507892)
(314.90523952,-400.720818364)
(324.550021734,-408.26531512)
(335.48077491,-412.980625592)
(348.340484528,-418.638998158)
(361.200194147,-423.35430863)
(378.560802132,-424.297370725)
(393.992453674,-425.240432819)
(409.424105216,-427.126557008)
(421.640829354,-427.126557008)
(433.857553491,-427.126557008)

56_1:
(448.646219552,-391.29019742)
(452.504132438,-389.404073231)
(459.576972728,-385.631824854)
(472.436682347,-376.201203909)
(481.43847908,-369.599769249)
(493.655203217,-354.510775738)
(497.513116103,-344.137092699)
(507.157898317,-331.877285472)
(510.372825721,-314.902167772)
(516.802680531,-301.699298451)
(518.088651492,-292.268677506)


56_2:
(452.504132438,-391.29019742)
(467.292798499,-384.688762759)
(471.150711385,-377.144266004)
(481.43847908,-365.827520871)
(490.440275813,-353.567713643)
(501.371028988,-337.535658038)
(503.299985431,-324.332788717)
(500.085058027,-310.1868573)
(497.513116103,-294.154801695)

37:
(855.656028978,-561.041374415)
(831.865566184,-549.724629282)
(817.719885604,-539.350946243)
(800.359277619,-521.43276645)
(779.140756748,-510.116021317)
(753.421337511,-495.9700899)
(725.129976351,-471.450475445)
(704.554440961,-457.304544029)
(676.2630798,-435.614115858)
(639.612907387,-410.151439308)
(615.822444593,-394.119383703)
(596.532880165,-378.087328098)
(577.243315738,-366.770582965)
(565.0265916,-354.510775738)
(543.808070729,-339.421782227)
(536.092244958,-327.161975)
(526.447462744,-313.016043584)


42:
(734.774758564,-164.95529476)
(719.343107022,-170.613667327)
(695.552644228,-174.385915704)
(669.19023951,-180.044288271)
(646.685747678,-182.873474554)
(621.609313921,-186.645722932)
(577.886301219,-195.133281782)
(548.951954577,-197.962468065)
(537.37821592,-197.01940597)
(523.875520821,-198.905530159)
(511.658796683,-195.133281782)